      0.00000   0.00590483
     0.100000   0.00590620
     0.200000   0.00590758
     0.300000   0.00590895
     0.400000   0.00591032
     0.500000   0.00591169
     0.600000   0.00591306
     0.700000   0.00591444
     0.800000   0.00591581
     0.900000   0.00591718
      1.00000   0.00591855
      1.10000   0.00591993
      1.20000   0.00592130
      1.30000   0.00592267
      1.40000   0.00592405
      1.50000   0.00592542
      1.60000   0.00592679
      1.70000   0.00592816
      1.80000   0.00592953
      1.90000   0.00593091
      2.00000   0.00593228
      2.10000   0.00593590
      2.20000   0.00593952
      2.30000   0.00594314
      2.40000   0.00594675
      2.50000   0.00595037
      2.60000   0.00595399
      2.70000   0.00595761
      2.80000   0.00596123
      2.90000   0.00596485
      3.00000   0.00596847
      3.10000   0.00597208
      3.20000   0.00597570
      3.30000   0.00597932
      3.40000   0.00598294
      3.50000   0.00598656
      3.60000   0.00599018
      3.70000   0.00599379
      3.80000   0.00599741
      3.90000   0.00600103
      4.00000   0.00600465
      4.10000   0.00600483
      4.20000   0.00600501
      4.30000   0.00600519
      4.40000   0.00600537
      4.50000   0.00600555
      4.60000   0.00600573
      4.70000   0.00600591
      4.80000   0.00600609
      4.90000   0.00600627
      5.00000   0.00600644
      5.10000   0.00600662
      5.20000   0.00600680
      5.30000   0.00600698
      5.40000   0.00600716
      5.50000   0.00600734
      5.60000   0.00600752
      5.70000   0.00600770
      5.80000   0.00600788
      5.90000   0.00600806
      6.00000   0.00600824
      6.10000   0.00600801
      6.20000   0.00600777
      6.30000   0.00600754
      6.40000   0.00600731
      6.50000   0.00600708
      6.60000   0.00600684
      6.70000   0.00600661
      6.80000   0.00600638
      6.90000   0.00600615
      7.00000   0.00600591
      7.10000   0.00600568
      7.20000   0.00600545
      7.30000   0.00600522
      7.40000   0.00600498
      7.50000   0.00600475
      7.60000   0.00600452
      7.70000   0.00600429
      7.80000   0.00600406
      7.90000   0.00600382
      8.00000   0.00600359
      8.10000   0.00600320
      8.20000   0.00600280
      8.30000   0.00600241
      8.40000   0.00600201
      8.50000   0.00600162
      8.60000   0.00600122
      8.70000   0.00600083
      8.80000   0.00600043
      8.90000   0.00600004
      9.00000   0.00599965
      9.10000   0.00599925
      9.20000   0.00599886
      9.30000   0.00599846
      9.40000   0.00599807
      9.50000   0.00599767
      9.60000   0.00599728
      9.70000   0.00599688
      9.80000   0.00599649
      9.90000   0.00599609
      10.0000   0.00599570
      10.1000   0.00599476
      10.2000   0.00599382
      10.3000   0.00599288
      10.4000   0.00599194
      10.5000   0.00599100
      10.6000   0.00599005
      10.7000   0.00598911
      10.8000   0.00598817
      10.9000   0.00598723
      11.0000   0.00598629
      11.1000   0.00598535
      11.2000   0.00598441
      11.3000   0.00598347
      11.4000   0.00598253
      11.5000   0.00598159
      11.6000   0.00598064
      11.7000   0.00597970
      11.8000   0.00597876
      11.9000   0.00597782
      12.0000   0.00597688
      12.1000   0.00597445
      12.2000   0.00597202
      12.3000   0.00596960
      12.4000   0.00596717
      12.5000   0.00596474
      12.6000   0.00596231
      12.7000   0.00595988
      12.8000   0.00595746
      12.9000   0.00595503
      13.0000   0.00595260
      13.1000   0.00595017
      13.2000   0.00594774
      13.3000   0.00594532
      13.4000   0.00594289
      13.5000   0.00594046
      13.6000   0.00593803
      13.7000   0.00593560
      13.8000   0.00593318
      13.9000   0.00593075
      14.0000   0.00592832
      14.1000   0.00592701
      14.2000   0.00592570
      14.3000   0.00592439
      14.4000   0.00592308
      14.5000   0.00592177
      14.6000   0.00592046
      14.7000   0.00591915
      14.8000   0.00591784
      14.9000   0.00591653
      15.0000   0.00591523
      15.1000   0.00591392
      15.2000   0.00591261
      15.3000   0.00591130
      15.4000   0.00590999
      15.5000   0.00590868
      15.6000   0.00590737
      15.7000   0.00590606
      15.8000   0.00590475
      15.9000   0.00590344
      16.0000   0.00590213
      16.1000   0.00590074
      16.2000   0.00589934
      16.3000   0.00589795
      16.4000   0.00589655
      16.5000   0.00589516
      16.6000   0.00589376
      16.7000   0.00589237
      16.8000   0.00589097
      16.9000   0.00588958
      17.0000   0.00588818
      17.1000   0.00588679
      17.2000   0.00588540
      17.3000   0.00588400
      17.4000   0.00588261
      17.5000   0.00588121
      17.6000   0.00587982
      17.7000   0.00587842
      17.8000   0.00587703
      17.9000   0.00587563
      18.0000   0.00587424
      18.1000   0.00587173
      18.2000   0.00586921
      18.3000   0.00586670
      18.4000   0.00586419
      18.5000   0.00586167
      18.6000   0.00585916
      18.7000   0.00585665
      18.8000   0.00585413
      18.9000   0.00585162
      19.0000   0.00584910
      19.1000   0.00584659
      19.2000   0.00584408
      19.3000   0.00584156
      19.4000   0.00583905
      19.5000   0.00583654
      19.6000   0.00583402
      19.7000   0.00583151
      19.8000   0.00582900
      19.9000   0.00582648
      20.0000   0.00582397
      20.1000   0.00582024
      20.2000   0.00581650
      20.3000   0.00581277
      20.4000   0.00580903
      20.5000   0.00580530
      20.6000   0.00580157
      20.7000   0.00579783
      20.8000   0.00579410
      20.9000   0.00579036
      21.0000   0.00578663
      21.1000   0.00578290
      21.2000   0.00577916
      21.3000   0.00577543
      21.4000   0.00577169
      21.5000   0.00576796
      21.6000   0.00576423
      21.7000   0.00576049
      21.8000   0.00575676
      21.9000   0.00575302
      22.0000   0.00574929
      22.1000   0.00574687
      22.2000   0.00574445
      22.3000   0.00574203
      22.4000   0.00573961
      22.5000   0.00573719
      22.6000   0.00573477
      22.7000   0.00573235
      22.8000   0.00572993
      22.9000   0.00572751
      23.0000   0.00572510
      23.1000   0.00572268
      23.2000   0.00572026
      23.3000   0.00571784
      23.4000   0.00571542
      23.5000   0.00571300
      23.6000   0.00571058
      23.7000   0.00570816
      23.8000   0.00570574
      23.9000   0.00570332
      24.0000   0.00570090
      24.1000   0.00569727
      24.2000   0.00569363
      24.3000   0.00569000
      24.4000   0.00568637
      24.5000   0.00568274
      24.6000   0.00567910
      24.7000   0.00567547
      24.8000   0.00567184
      24.9000   0.00566821
      25.0000   0.00566457
      25.1000   0.00566094
      25.2000   0.00565731
      25.3000   0.00565368
      25.4000   0.00565005
      25.5000   0.00564641
      25.6000   0.00564278
      25.7000   0.00563915
      25.8000   0.00563551
      25.9000   0.00563188
      26.0000   0.00562825
      26.1000   0.00562424
      26.2000   0.00562022
      26.3000   0.00561621
      26.4000   0.00561219
      26.5000   0.00560818
      26.6000   0.00560416
      26.7000   0.00560015
      26.8000   0.00559613
      26.9000   0.00559212
      27.0000   0.00558810
      27.1000   0.00558409
      27.2000   0.00558008
      27.3000   0.00557606
      27.4000   0.00557205
      27.5000   0.00556803
      27.6000   0.00556402
      27.7000   0.00556000
      27.8000   0.00555599
      27.9000   0.00555197
      28.0000   0.00554796
      28.1000   0.00554317
      28.2000   0.00553839
      28.3000   0.00553360
      28.4000   0.00552881
      28.5000   0.00552403
      28.6000   0.00551924
      28.7000   0.00551445
      28.8000   0.00550967
      28.9000   0.00550488
      29.0000   0.00550009
      29.1000   0.00549531
      29.2000   0.00549052
      29.3000   0.00548574
      29.4000   0.00548095
      29.5000   0.00547616
      29.6000   0.00547138
      29.7000   0.00546659
      29.8000   0.00546180
      29.9000   0.00545702
      30.0000   0.00545223
      30.1000   0.00544585
      30.2000   0.00543946
      30.3000   0.00543308
      30.4000   0.00542670
      30.5000   0.00542031
      30.6000   0.00541393
      30.7000   0.00540755
      30.8000   0.00540116
      30.9000   0.00539478
      31.0000   0.00538839
      31.1000   0.00538201
      31.2000   0.00537563
      31.3000   0.00536924
      31.4000   0.00536286
      31.5000   0.00535648
      31.6000   0.00535009
      31.7000   0.00534371
      31.8000   0.00533733
      31.9000   0.00533094
      32.0000   0.00532456
      32.1000   0.00532113
      32.2000   0.00531770
      32.3000   0.00531426
      32.4000   0.00531083
      32.5000   0.00530740
      32.6000   0.00530397
      32.7000   0.00530054
      32.8000   0.00529710
      32.9000   0.00529367
      33.0000   0.00529024
      33.1000   0.00528681
      33.2000   0.00528338
      33.3000   0.00527994
      33.4000   0.00527651
      33.5000   0.00527308
      33.6000   0.00526965
      33.7000   0.00526622
      33.8000   0.00526278
      33.9000   0.00525935
      34.0000   0.00525592
      34.1000   0.00524949
      34.2000   0.00524307
      34.3000   0.00523664
      34.4000   0.00523022
      34.5000   0.00522379
      34.6000   0.00521736
      34.7000   0.00521094
      34.8000   0.00520451
      34.9000   0.00519809
      35.0000   0.00519166
      35.1000   0.00518523
      35.2000   0.00517881
      35.3000   0.00517238
      35.4000   0.00516596
      35.5000   0.00515953
      35.6000   0.00515310
      35.7000   0.00514668
      35.8000   0.00514025
      35.9000   0.00513383
      36.0000   0.00512740
      36.1000   0.00512218
      36.2000   0.00511697
      36.3000   0.00511175
      36.4000   0.00510653
      36.5000   0.00510132
      36.6000   0.00509610
      36.7000   0.00509088
      36.8000   0.00508567
      36.9000   0.00508045
      37.0000   0.00507523
      37.1000   0.00507002
      37.2000   0.00506480
      37.3000   0.00505959
      37.4000   0.00505437
      37.5000   0.00504915
      37.6000   0.00504394
      37.7000   0.00503872
      37.8000   0.00503350
      37.9000   0.00502829
      38.0000   0.00502307
      38.1000   0.00501537
      38.2000   0.00500767
      38.3000   0.00499998
      38.4000   0.00499228
      38.5000   0.00498458
      38.6000   0.00497688
      38.7000   0.00496919
      38.8000   0.00496149
      38.9000   0.00495379
      39.0000   0.00494609
      39.1000   0.00493840
      39.2000   0.00493070
      39.3000   0.00492300
      39.4000   0.00491530
      39.5000   0.00490761
      39.6000   0.00489991
      39.7000   0.00489221
      39.8000   0.00488452
      39.9000   0.00487682
      40.0000   0.00486912
      40.1000   0.00486418
      40.2000   0.00485924
      40.3000   0.00485430
      40.4000   0.00484935
      40.5000   0.00484441
      40.6000   0.00483947
      40.7000   0.00483453
      40.8000   0.00482959
      40.9000   0.00482465
      41.0000   0.00481971
      41.1000   0.00481476
      41.2000   0.00480982
      41.3000   0.00480488
      41.4000   0.00479994
      41.5000   0.00479500
      41.6000   0.00479006
      41.7000   0.00478511
      41.8000   0.00478017
      41.9000   0.00477523
      42.0000   0.00477029
      42.1000   0.00475930
      42.2000   0.00474832
      42.3000   0.00473733
      42.4000   0.00472634
      42.5000   0.00471535
      42.6000   0.00470436
      42.7000   0.00469338
      42.8000   0.00468239
      42.9000   0.00467140
      43.0000   0.00466041
      43.1000   0.00464943
      43.2000   0.00463844
      43.3000   0.00462745
      43.4000   0.00461646
      43.5000   0.00460548
      43.6000   0.00459449
      43.7000   0.00458350
      43.8000   0.00457251
      43.9000   0.00456153
      44.0000   0.00455054
      44.1000   0.00454559
      44.2000   0.00454063
      44.3000   0.00453568
      44.4000   0.00453072
      44.5000   0.00452577
      44.6000   0.00452081
      44.7000   0.00451586
      44.8000   0.00451090
      44.9000   0.00450595
      45.0000   0.00450099
      45.1000   0.00449604
      45.2000   0.00449109
      45.3000   0.00448613
      45.4000   0.00448118
      45.5000   0.00447622
      45.6000   0.00447127
      45.7000   0.00446631
      45.8000   0.00446136
      45.9000   0.00445640
      46.0000   0.00445145
      46.1000   0.00444520
      46.2000   0.00443896
      46.3000   0.00443271
      46.4000   0.00442647
      46.5000   0.00442022
      46.6000   0.00441397
      46.7000   0.00440773
      46.8000   0.00440148
      46.9000   0.00439524
      47.0000   0.00438899
      47.1000   0.00438274
      47.2000   0.00437650
      47.3000   0.00437025
      47.4000   0.00436401
      47.5000   0.00435776
      47.6000   0.00435151
      47.7000   0.00434527
      47.8000   0.00433902
      47.9000   0.00433278
      48.0000   0.00432653
      48.1000   0.00431831
      48.2000   0.00431009
      48.3000   0.00430187
      48.4000   0.00429365
      48.5000   0.00428543
      48.6000   0.00427721
      48.7000   0.00426899
      48.8000   0.00426077
      48.9000   0.00425255
      49.0000   0.00424433
      49.1000   0.00423612
      49.2000   0.00422790
      49.3000   0.00421968
      49.4000   0.00421146
      49.5000   0.00420324
      49.6000   0.00419502
      49.7000   0.00418680
      49.8000   0.00417858
      49.9000   0.00417036
      50.0000   0.00416214
      50.1000   0.00415042
      50.2000   0.00413870
      50.3000   0.00412699
      50.4000   0.00411527
      50.5000   0.00410355
      50.6000   0.00409183
      50.7000   0.00408011
      50.8000   0.00406840
      50.9000   0.00405668
      51.0000   0.00404496
      51.1000   0.00403324
      51.2000   0.00402152
      51.3000   0.00400981
      51.4000   0.00399809
      51.5000   0.00398637
      51.6000   0.00397465
      51.7000   0.00396293
      51.8000   0.00395122
      51.9000   0.00393950
      52.0000   0.00392778
      52.1000   0.00392101
      52.2000   0.00391423
      52.3000   0.00390746
      52.4000   0.00390068
      52.5000   0.00389391
      52.6000   0.00388714
      52.7000   0.00388036
      52.8000   0.00387359
      52.9000   0.00386681
      53.0000   0.00386004
      53.1000   0.00385327
      53.2000   0.00384649
      53.3000   0.00383972
      53.4000   0.00383294
      53.5000   0.00382617
      53.6000   0.00381940
      53.7000   0.00381262
      53.8000   0.00380585
      53.9000   0.00379907
      54.0000   0.00379230
      54.1000   0.00378461
      54.2000   0.00377692
      54.3000   0.00376922
      54.4000   0.00376153
      54.5000   0.00375384
      54.6000   0.00374615
      54.7000   0.00373846
      54.8000   0.00373076
      54.9000   0.00372307
      55.0000   0.00371538
      55.1000   0.00370769
      55.2000   0.00370000
      55.3000   0.00369230
      55.4000   0.00368461
      55.5000   0.00367692
      55.6000   0.00366923
      55.7000   0.00366154
      55.8000   0.00365384
      55.9000   0.00364615
      56.0000   0.00363846
      56.1000   0.00362986
      56.2000   0.00362126
      56.3000   0.00361266
      56.4000   0.00360407
      56.5000   0.00359547
      56.6000   0.00358687
      56.7000   0.00357827
      56.8000   0.00356967
      56.9000   0.00356107
      57.0000   0.00355248
      57.1000   0.00354388
      57.2000   0.00353528
      57.3000   0.00352668
      57.4000   0.00351808
      57.5000   0.00350948
      57.6000   0.00350088
      57.7000   0.00349229
      57.8000   0.00348369
      57.9000   0.00347509
      58.0000   0.00346649
      58.1000   0.00345696
      58.2000   0.00344743
      58.3000   0.00343791
      58.4000   0.00342838
      58.5000   0.00341885
      58.6000   0.00340932
      58.7000   0.00339980
      58.8000   0.00339027
      58.9000   0.00338074
      59.0000   0.00337121
      59.1000   0.00336169
      59.2000   0.00335216
      59.3000   0.00334263
      59.4000   0.00333310
      59.5000   0.00332358
      59.6000   0.00331405
      59.7000   0.00330452
      59.8000   0.00329500
      59.9000   0.00328547
      60.0000   0.00327594
      60.1000   0.00326526
      60.2000   0.00325458
      60.3000   0.00324391
      60.4000   0.00323323
      60.5000   0.00322255
      60.6000   0.00321187
      60.7000   0.00320120
      60.8000   0.00319052
      60.9000   0.00317984
      61.0000   0.00316916
      61.1000   0.00315849
      61.2000   0.00314781
      61.3000   0.00313713
      61.4000   0.00312645
      61.5000   0.00311578
      61.6000   0.00310510
      61.7000   0.00309442
      61.8000   0.00308375
      61.9000   0.00307307
      62.0000   0.00306239
      62.1000   0.00305003
      62.2000   0.00303768
      62.3000   0.00302532
      62.4000   0.00301297
      62.5000   0.00300061
      62.6000   0.00298826
      62.7000   0.00297590
      62.8000   0.00296355
      62.9000   0.00295119
      63.0000   0.00293883
      63.1000   0.00292648
      63.2000   0.00291412
      63.3000   0.00290177
      63.4000   0.00288941
      63.5000   0.00287706
      63.6000   0.00286470
      63.7000   0.00285235
      63.8000   0.00283999
      63.9000   0.00282764
      64.0000   0.00281528
      64.1000   0.00280613
      64.2000   0.00279699
      64.3000   0.00278784
      64.4000   0.00277870
      64.5000   0.00276955
      64.6000   0.00276040
      64.7000   0.00275126
      64.8000   0.00274211
      64.9000   0.00273297
      65.0000   0.00272382
      65.1000   0.00271467
      65.2000   0.00270553
      65.3000   0.00269638
      65.4000   0.00268724
      65.5000   0.00267809
      65.6000   0.00266894
      65.7000   0.00265980
      65.8000   0.00265065
      65.9000   0.00264151
      66.0000   0.00263236
      66.1000   0.00262276
      66.2000   0.00261315
      66.3000   0.00260355
      66.4000   0.00259395
      66.5000   0.00258435
      66.6000   0.00257475
      66.7000   0.00256514
      66.8000   0.00255554
      66.9000   0.00254594
      67.0000   0.00253634
      67.1000   0.00252673
      67.2000   0.00251713
      67.3000   0.00250753
      67.4000   0.00249792
      67.5000   0.00248832
      67.6000   0.00247872
      67.7000   0.00246912
      67.8000   0.00245951
      67.9000   0.00244991
      68.0000   0.00244031
      68.1000   0.00243031
      68.2000   0.00242031
      68.3000   0.00241031
      68.4000   0.00240030
      68.5000   0.00239030
      68.6000   0.00238030
      68.7000   0.00237030
      68.8000   0.00236030
      68.9000   0.00235030
      69.0000   0.00234029
      69.1000   0.00233029
      69.2000   0.00232029
      69.3000   0.00231029
      69.4000   0.00230029
      69.5000   0.00229029
      69.6000   0.00228029
      69.7000   0.00227028
      69.8000   0.00226028
      69.9000   0.00225028
      70.0000   0.00224028
      70.1000   0.00222992
      70.2000   0.00221956
      70.3000   0.00220919
      70.4000   0.00219883
      70.5000   0.00218847
      70.6000   0.00217811
      70.7000   0.00216775
      70.8000   0.00215738
      70.9000   0.00214702
      71.0000   0.00213666
      71.1000   0.00212630
      71.2000   0.00211594
      71.3000   0.00210557
      71.4000   0.00209521
      71.5000   0.00208485
      71.6000   0.00207449
      71.7000   0.00206413
      71.8000   0.00205376
      71.9000   0.00204340
      72.0000   0.00203304
      72.1000   0.00202236
      72.2000   0.00201167
      72.3000   0.00200099
      72.4000   0.00199031
      72.5000   0.00197963
      72.6000   0.00196895
      72.7000   0.00195826
      72.8000   0.00194758
      72.9000   0.00193690
      73.0000   0.00192621
      73.1000   0.00191553
      73.2000   0.00190485
      73.3000   0.00189417
      73.4000   0.00188348
      73.5000   0.00187280
      73.6000   0.00186212
      73.7000   0.00185144
      73.8000   0.00184075
      73.9000   0.00183007
      74.0000   0.00181939
      74.1000   0.00180847
      74.2000   0.00179755
      74.3000   0.00178664
      74.4000   0.00177572
      74.5000   0.00176480
      74.6000   0.00175389
      74.7000   0.00174297
      74.8000   0.00173205
      74.9000   0.00172113
      75.0000   0.00171022
      75.1000   0.00169930
      75.2000   0.00168838
      75.3000   0.00167746
      75.4000   0.00166654
      75.5000   0.00165563
      75.6000   0.00164471
      75.7000   0.00163379
      75.8000   0.00162287
      75.9000   0.00161196
      76.0000   0.00160104
      76.1000   0.00158991
      76.2000   0.00157878
      76.3000   0.00156765
      76.4000   0.00155653
      76.5000   0.00154540
      76.6000   0.00153427
      76.7000   0.00152314
      76.8000   0.00151201
      76.9000   0.00150088
      77.0000   0.00148975
      77.1000   0.00147863
      77.2000   0.00146750
      77.3000   0.00145637
      77.4000   0.00144524
      77.5000   0.00143411
      77.6000   0.00142298
      77.7000   0.00141185
      77.8000   0.00140073
      77.9000   0.00138960
      78.0000   0.00137847
      78.1000   0.00136718
      78.2000   0.00135590
      78.3000   0.00134461
      78.4000   0.00133333
      78.5000   0.00132204
      78.6000   0.00131075
      78.7000   0.00129947
      78.8000   0.00128818
      78.9000   0.00127690
      79.0000   0.00126561
      79.1000   0.00125432
      79.2000   0.00124304
      79.3000   0.00123175
      79.4000   0.00122047
      79.5000   0.00120918
      79.6000   0.00119789
      79.7000   0.00118661
      79.8000   0.00117532
      79.9000   0.00116404
      80.0000   0.00115275
      80.1000   0.00114134
      80.2000   0.00112992
      80.3000   0.00111851
      80.4000   0.00110709
      80.5000   0.00109568
      80.6000   0.00108426
      80.7000   0.00107285
      80.8000   0.00106144
      80.9000   0.00105002
      81.0000   0.00103861
      81.1000   0.00102719
      81.2000   0.00101578
      81.3000   0.00100437
      81.4000  0.000992951
      81.5000  0.000981537
      81.6000  0.000970123
      81.7000  0.000958708
      81.8000  0.000947294
      81.9000  0.000935880
      82.0000  0.000924466
      82.1000  0.000912979
      82.2000  0.000901491
      82.3000  0.000890005
      82.4000  0.000878518
      82.5000  0.000867031
      82.6000  0.000855544
      82.7000  0.000844056
      82.8000  0.000832570
      82.9000  0.000821083
      83.0000  0.000809596
      83.1000  0.000798109
      83.2000  0.000786621
      83.3000  0.000775135
      83.4000  0.000763648
      83.5000  0.000752161
      83.6000  0.000740674
      83.7000  0.000729186
      83.8000  0.000717700
      83.9000  0.000706213
      84.0000  0.000694726
